# Stereo camera calibration report
# Generated by kinect-stereo-calib - MRPT at Sun Feb 23 18:23:31 2025
# (This file is loadable from rawlog-edit and other MRPT tools)
# ---------------------------------------------------------------------

# Left camera (IR/Depth in Kinect) calibration parameters (and 95% confidence intervals):
[CAMERA_PARAMS_LEFT]
resolution = [640 480]
cx         = 303.203858  // +/- 0.007
cy         = 232.135452  // +/- 0.007
fx         = 549.512901  // +/- 0.026
fy         = 550.614039  // +/- 0.043
dist       = [-1.484863e-02 1.442927e-01 -4.709486e-04 -3.810892e-03 -1.574751e-01]    // The order is: [K1 K2 T1 T2 K3]

# Right camera (RGB in Kinect) calibration parameters  (and 95% confidence intervals):
[CAMERA_PARAMS_RIGHT]
resolution = [640 480]
cx         = 301.653252  // +/- 0.007
cy         = 232.812601  // +/- 0.007
fx         = 622.443923  // +/- 0.027
fy         = 623.759527  // +/- 0.043
dist       = [-1.908283e-02 8.740761e-02 -7.548593e-04 -3.194302e-03 1.394582e-01]    // The order is: [K1 K2 T1 T2 K3]

# Relative pose of the right camera wrt to the left camera:
# This assumes that both camera frames are such that +Z points
# forwards, and +X and +Y to the right and downwards.
[CAMERA_PARAMS_LEFT2RIGHT_POSE]
translation_only     = [2.368586e-02 2.909582e-04 4.632117e-04]
rotation_matrix_only = [9.9997269257755e-01, 6.7448757651869e-03, -3.0200579643581e-03] ;[-6.7584186667168e-03, 9.9996705075785e-01, -4.4967961679709e-03] ;[2.9896281242425e-03, 4.5170841881792e-03, 9.9998532892944e-01] ]
pose_yaw_pitch_roll  = [0.023686 0.000291 0.000463 -0.387234 -0.171293 0.258812]  // (YPR in degrees)
pose_quaternion      = [0.023686 0.000291 0.000463 0.999991 0.002253 -0.001502 -0.003376]

# Info about calibration parameters:
[CALIB_METAINFO]
number_good_cheesboards = 53
average_reprojection_error = 1.249402 // RMSE pixels
cheesboard_nx = 9
cheesboard_ny = 6
cheesboard_square_size_x = 0.024000 // (m)
cheesboard_square_size_y = 0.024000 // (m)

